0.0595760345459
0.0594398975372
0.0596520900726
0.0592980384827
0.0592458248138
0.0789859294891
0.0650761127472
0.059727191925
0.059562921524
0.0615060329437
0.0593960285187
0.0680351257324
0.0593240261078
0.0597660541534
0.0593221187592
0.0594110488892
0.0675978660583
0.0643138885498
0.0633251667023
0.0698411464691
0.0622191429138
0.0601229667664
0.061418056488
0.0611298084259
0.0599701404572
0.0602149963379
0.0616250038147
0.0605359077454
0.0603671073914
0.062667131424
0.0673520565033
0.0680470466614
0.0610640048981
0.0600209236145
0.0608270168304
0.0598549842834
0.0643749237061
0.0599660873413
0.0612199306488
0.0606250762939
0.0595660209656
0.0661499500275
0.0639319419861
0.0618269443512
0.0637121200562
0.0635929107666
0.0617101192474
0.0618510246277
0.0639181137085
0.0656540393829
0.0645968914032
0.061784029007
0.0752859115601
0.0598771572113
0.0794060230255
0.0660870075226
0.0654630661011
0.062567949295
0.0630280971527
0.0604870319366
0.0607528686523
0.0600500106812
0.0595991611481
0.0597472190857
0.0735249519348
0.0623569488525
0.0627348423004
0.0625011920929
0.0604979991913
0.0605440139771
0.0640699863434
0.060604095459
0.066801071167
0.0651159286499
0.0643920898438
0.0648720264435
0.0659358501434
0.0656409263611
0.0671031475067
0.0623300075531
0.0641729831696
0.0683839321136
0.0674409866333
0.0664799213409
0.064973115921
0.0637199878693
0.061075925827
0.0630650520325
0.0620100498199
0.0619120597839
0.0620031356812
0.0607099533081
0.0618648529053
0.0618431568146
0.0627031326294
0.0636391639709
0.0615899562836
0.0623390674591
0.0615971088409
0.0617618560791
0.0615670681
0.0619730949402
0.0617051124573
0.0621321201324
0.0609822273254
0.0620250701904
0.061861038208
0.0617060661316
0.0614650249481
0.062283039093
0.0621120929718
0.0625231266022
0.0619158744812
0.061784029007
0.0620350837708
0.0618178844452
0.0658190250397
0.0621430873871
0.0621180534363
0.061399936676
0.0618929862976
0.0623061656952
0.0619471073151
0.0621409416199
0.0612640380859
0.0617790222168
0.0614669322968
0.0614211559296
0.0623290538788
0.0673501491547
0.061665058136
0.0627470016479
0.0630841255188
0.0631940364838
0.0635180473328
0.0653440952301
0.0641281604767
0.0767760276794
0.0633668899536
0.074009180069
0.0694689750671
0.0680589675903
0.0643000602722
0.0639398097992
0.0623798370361
0.0654830932617
0.0634100437164
0.0672659873962
0.0691730976105
0.0668430328369
0.0657558441162
0.0654079914093
0.0655360221863
0.062283039093
0.0622880458832
0.0615239143372
0.0657839775085
0.0648899078369
0.0652949810028
0.0637221336365
0.06209897995
0.0618438720703
0.0655779838562
0.0686919689178
0.0631339550018
0.0641980171204
0.066526889801
0.0615260601044
0.0622909069061
0.0620691776276
0.0617430210114
0.06130194664
0.0616919994354
0.062784910202
0.0636508464813
0.0727200508118
0.072224855423
0.063903093338
0.0638439655304
0.0635271072388
0.0616509914398
0.0614528656006
0.0613560676575
0.0660820007324
0.0661718845367
0.061331987381
0.0631649494171
0.0672450065613
0.0626139640808
0.0667970180511
0.0695848464966
0.0671241283417
0.0670149326324
0.0613558292389
0.0621628761292
0.0653941631317
0.0635130405426
0.0626900196075
0.0651438236237
0.0617589950562
0.0619738101959
0.0616819858551
0.0632660388947
0.0621199607849
0.063728094101
0.0662178993225
0.0611798763275
0.0615050792694
0.0626060962677
0.061863899231
0.0613918304443
0.062618970871
0.061084985733
0.0610368251801
0.0667321681976
0.0665979385376
0.0654590129852
0.0660948753357
0.0656599998474
0.06591796875
0.0660479068756
0.0615520477295
0.0613009929657
0.0621178150177
0.0617170333862
0.0607130527496
0.0659458637238
0.0628499984741
0.0639719963074
0.0636279582977
0.0635480880737
0.0638661384583
0.0624098777771
0.0642850399017
0.0633900165558
0.0642220973969
0.0642790794373
0.0648369789124
0.0640630722046
0.0616908073425
0.0610380172729
0.0610721111298
0.060928106308
0.0615727901459
0.0610799789429
0.0625419616699
0.0626118183136
0.061723947525
0.0621798038483
0.0617120265961
0.0620238780975
0.0611200332642
0.062215089798
0.0613629817963
0.0615220069885
0.0611560344696
0.0615999698639
0.0625398159027
0.0617389678955
0.0618419647217
0.0610740184784
0.0612018108368
0.0610191822052
0.0617220401764
0.0614018440247
0.0610308647156
0.061252117157
0.0620918273926
0.0626931190491
0.0615651607513
0.0641038417816
0.0712609291077
0.0664660930634
0.0702011585236
0.0659761428833
0.0714440345764
0.0692431926727
0.0724258422852
0.0649220943451
0.0722150802612
0.0696620941162
0.0652561187744
0.0645167827606
0.0710260868073
0.0633320808411
0.0626180171967
0.0640549659729
0.0651850700378
0.0613009929657
0.0614399909973
0.0615270137787
0.0629069805145
0.0712449550629
0.0710310935974
0.0629811286926
0.0607569217682
0.0653650760651
0.0657260417938
0.0664510726929
0.0666410923004
0.0671248435974
0.0662469863892
0.0666060447693
0.0662469863892
0.0633850097656
0.0672948360443
0.0631520748138
0.0665619373322
0.0644629001617
0.0655899047852
0.0666019916534
0.0616910457611
0.0631370544434
0.0614111423492
0.0632209777832
0.0642330646515
0.0626349449158
0.064435005188
0.0637979507446
0.0628790855408
0.0611009597778
0.0619239807129
0.061735868454
0.0660481452942
0.0634920597076
0.0640909671783
0.0646049976349
0.0649981498718
0.0635120868683
0.0636780261993
0.0616598129272
0.0614750385284
0.0616970062256
0.0629811286926
0.0621728897095
0.0613079071045
0.0651171207428
0.0666201114655
0.0647311210632
0.0636711120605
0.0629639625549
0.0627510547638
0.0621221065521
0.0626049041748
0.0632138252258
0.0614140033722
0.0612199306488
0.064236164093
0.0691499710083
0.0723230838776
0.0719668865204
0.0655219554901
0.0619990825653
0.0680730342865
0.0624690055847
0.0629920959473
0.0625910758972
0.0699000358582
0.0616641044617
0.0720570087433
0.0622658729553
0.0623450279236
0.0639770030975
0.0621099472046
0.0613639354706
0.0630359649658
0.0631949901581
0.0618708133698
0.061760187149
0.062243938446
0.0624809265137
0.06205701828
0.0621769428253
0.0625729560852
0.0651979446411
0.0645639896393
0.0625379085541
0.0621130466461
0.0616719722748
0.061546087265
0.0639400482178
0.0661311149597
0.0696730613708
0.0690178871155
0.0646319389343
0.0644471645355
0.0636157989502
0.0623769760132
0.0627830028534
0.0629289150238
0.0616118907928
0.061811208725
0.0611469745636
0.0647780895233
0.0617828369141
0.0632750988007
0.0642139911652
0.0643248558044
0.0625100135803
0.0620119571686
0.0637891292572
0.0635080337524
0.0635681152344
0.0620720386505
0.0620670318604
0.0630300045013
0.060733795166
0.061723947525
0.0614359378815
0.0614569187164
0.0615251064301
0.068216085434
0.0652730464935
0.0607211589813
0.0608577728271
0.0643489360809
0.0615410804749
0.0607299804688
0.0607941150665
0.0612850189209
0.060289144516
0.0636670589447
0.0611350536346
0.0610067844391
0.0605700016022
0.060408115387
0.0612649917603
0.0607099533081
0.0620601177216
0.0620419979095
0.0618870258331
0.0603170394897
0.061970949173
0.0612668991089
0.0603811740875
0.0648858547211
0.0602250099182
0.0600039958954
0.0633051395416
0.0625779628754
0.0622808933258
0.0610008239746
0.0764710903168
0.0602798461914
0.0625557899475
0.0603110790253
0.0603809356689
0.0599830150604
0.0610930919647
0.063187122345
0.0626759529114
0.0631210803986
0.0613207817078
0.0611519813538
0.0654308795929
0.0603258609772
0.0601489543915
0.060534954071
0.0608069896698
0.0604898929596
0.0602970123291
0.0615670681
0.0605280399323
0.0620319843292
0.0623729228973
0.0621581077576
0.0604689121246
0.0604920387268
0.0605878829956
0.0605630874634
0.0603938102722
0.0619361400604
0.0620889663696
0.0605959892273
0.0695388317108
0.0603768825531
0.0609571933746
0.0609741210938
0.0604739189148
0.0608379840851
0.0609149932861
0.0612471103668
0.0607659816742
0.063029050827
0.0632920265198
0.0619540214539
0.0604329109192
0.0612490177155
0.0649900436401
0.0644040107727
0.0638430118561
0.0644688606262
0.0628168582916
0.0622940063477
0.0618760585785
0.0625021457672
0.0617098808289
0.0615088939667
0.0616319179535
0.0613079071045
0.061427116394
0.0615060329437
0.0617818832397
0.0627460479736
0.064759016037
0.0619289875031
0.061625957489
0.0623381137848
0.062362909317
0.0617120265961
0.0622770786285
0.0622351169586
0.0617668628693
0.0625839233398
0.0624670982361
0.0623791217804
0.0623180866241
0.0621750354767
0.0626430511475
0.0636599063873
0.0627808570862
0.0629839897156
0.0615291595459
0.0612919330597
0.0615320205688
0.0616159439087
0.0658161640167
0.0659198760986
0.0659639835358
0.0659329891205
0.066123008728
0.069375038147
0.0660622119904
0.0659689903259
0.0662820339203
0.0658490657806
0.0659420490265
0.0690531730652
0.0631141662598
0.0626800060272
0.0625381469727
0.0626668930054
0.0624859333038
0.0630259513855
0.0621390342712
0.0632588863373
0.0628221035004
0.062756061554
0.0622138977051
0.0623531341553
0.0628530979156
0.0618960857391
0.0627088546753
0.0624330043793
0.0624217987061
0.0620739459991
0.0624628067017
0.0620090961456
0.061665058136
0.0622470378876
0.0616300106049
0.0627830028534
0.063059091568
0.0634269714355
0.0620329380035
0.0619139671326
0.0620591640472
0.0623459815979
0.0626289844513
0.0627069473267
0.0627291202545
0.0626699924469
0.0621709823608
0.0621919631958
0.0622708797455
0.0620131492615
0.061959028244
0.0639410018921
0.0614869594574
0.0622429847717
0.06267619133
0.0621581077576
0.0623459815979
0.0619919300079
0.0631999969482
0.0617361068726
0.0667631626129
0.0680890083313
0.0660359859467
0.0662291049957
0.0659530162811
0.0697000026703
0.0626180171967
0.064297914505
0.0670318603516
0.0641400814056
0.0629320144653
0.0620861053467
0.062390089035
0.0622670650482
0.0617880821228
0.0614819526672
0.0615751743317
0.0632832050323
0.0616970062256
0.0616748332977
0.0620648860931
0.0616390705109
0.0618588924408
0.0611860752106
0.061399936676
0.0611679553986
0.061998128891
0.0625360012054
0.0612759590149
0.0617949962616
0.0614259243011
0.0615558624268
0.0616431236267
0.0617699623108
0.0614559650421
0.0611820220947
0.0625560283661
0.0614922046661
0.061329126358
0.0615880489349
0.0610549449921
0.0614790916443
0.0613241195679
0.061371088028
0.0613141059875
0.0627629756927
0.0621290206909
0.0617218017578
0.0667781829834
0.0662410259247
0.0662429332733
0.0657849311829
0.0662930011749
0.0659160614014
0.0661449432373
0.0659379959106
0.0658259391785
0.0662679672241
0.0663659572601
0.0666501522064
0.0660910606384
0.0660648345947
0.0658888816833
0.0662150382996
0.0659220218658
0.0617568492889
0.0617980957031
0.062429189682
0.0632419586182
0.0620620250702
0.0619130134583
0.0616960525513
0.0640079975128
0.0649659633636
0.0721068382263
0.0665249824524
0.0660099983215
0.0661599636078
0.0661640167236
0.0659649372101
0.065370798111
0.0657041072845
0.063549041748
0.062441110611
0.0621700286865
0.0623488426208
0.0625629425049
0.0612699985504
0.0610699653625
0.0626001358032
0.0626380443573
0.0616669654846
0.0610380172729
0.060534954071
0.063127040863
0.062824010849
0.062469959259
0.0628650188446
0.0606319904327
0.060534954071
0.0609390735626
0.0637619495392
0.0634820461273
0.0630869865417
0.0617949962616
0.0624439716339
0.0627198219299
0.0625259876251
0.0621628761292
0.0616381168365
0.0604860782623
0.683408021927
0.0651838779449
0.0678148269653
0.0650231838226
0.0806519985199
0.064728975296
0.0636382102966
0.0629420280457
0.0620920658112
0.0621109008789
0.0622510910034
0.0624859333038
0.0619270801544
0.0630040168762
0.0691618919373
0.0696909427643
0.0680251121521
0.0695190429688
0.0680201053619
0.0684778690338
0.0709500312805
0.0695040225983
0.0697360038757
0.0680449008942
0.0609710216522
0.0626142024994
0.0618689060211
0.0607330799103
0.0620360374451
0.0619938373566
0.0610449314117
0.0610830783844
0.06139087677
0.0605249404907
0.0613679885864
0.0612030029297
0.0605630874634
0.0610549449921
0.0609769821167
0.0615799427032
0.0608160495758
0.0609130859375
0.0611140727997
0.0609290599823
0.0609710216522
0.0676610469818
0.0633068084717
0.063835144043
0.0615451335907
0.0610280036926
0.0620939731598
0.0619039535522
0.0617380142212
0.0629329681396
0.0615520477295
0.0630989074707
0.0623579025269
0.0624120235443
0.0624661445618
0.0622179508209
0.0622510910034
0.0631890296936
0.0617229938507
0.063316822052
0.0616888999939
0.0627110004425
0.0631680488586
0.0633270740509
0.0627977848053
0.0624089241028
0.0633430480957
0.0631427764893
0.0620410442352
0.0625050067902
0.0613119602203
0.0615820884705
0.0639889240265
0.0643038749695
0.0646200180054
0.0667979717255
0.0636730194092
0.0644431114197
0.0644588470459
0.0700509548187
0.0637919902802
0.0642380714417
0.0639190673828
0.0620520114899
0.0686960220337
0.0625028610229
0.0617260932922
0.064975976944
0.0614221096039
0.0615901947021
0.0617489814758
0.0634548664093
0.0636749267578
0.0610630512238
0.0622351169586
0.0621621608734
0.0616550445557
0.0617291927338
0.0619790554047
0.063854932785
0.0618381500244
0.063530921936
0.0647411346436
0.0624268054962
0.0636601448059
0.0650200843811
0.061970949173
0.0621562004089
0.0618669986725
0.0620768070221
0.0625298023224
0.0636599063873
0.0652310848236
0.0653150081635
0.0646331310272
0.0627250671387
0.0630788803101
0.061007976532
0.0611319541931
0.0639250278473
0.0610189437866
0.06103515625
0.0615148544312
0.0638630390167
0.0622889995575
0.0686469078064
0.0621380805969
0.0635390281677
0.0613570213318
0.0639748573303
0.0611088275909
0.061940908432
0.0615949630737
0.0617918968201
0.0625619888306
0.0611629486084
0.0611040592194
0.0612709522247
0.0617818832397
0.0619010925293
0.0618619918823
0.0628390312195
0.0617029666901
0.061350107193
0.0621390342712
0.0615391731262
0.0616250038147
0.0645840167999
0.0623359680176
0.0615699291229
0.0624718666077
0.0646998882294
0.0638430118561
0.0626220703125
0.0644648075104
0.0636398792267
0.0633418560028
0.0641398429871
0.0645840167999
0.0658378601074
0.0625710487366
0.062390089035
0.0627989768982
0.0645778179169
0.0629289150238
0.0645041465759
0.0624558925629
0.0652499198914
0.0637009143829
0.0625791549683
0.0649490356445
0.0616090297699
0.0616700649261
0.0615332126617
0.0608341693878
0.0613119602203
0.0622270107269
0.0614578723907
0.0615530014038
0.0614769458771
0.0626180171967
0.0623052120209
0.0613448619843
0.0621972084045
0.0637140274048
0.0634300708771
0.0631608963013
0.0639760494232
0.063148021698
0.0652048587799
0.0701220035553
0.0621998310089
0.0617690086365
0.0619070529938
0.0621218681335
0.0618431568146
0.0617690086365
0.0620810985565
0.0610320568085
0.0611479282379
0.0615708827972
0.0616400241852
0.0620148181915
0.063661813736
0.0626590251923
0.0638358592987
0.0642337799072
0.0622501373291
0.0678369998932
0.0618689060211
0.0621490478516
0.061616897583
0.0616240501404
0.0616228580475
0.0621449947357
0.0617718696594
0.0619268417358
0.0622529983521
0.0632259845734
0.0610508918762
0.0627491474152
0.0626728534698
0.0627708435059
0.0633141994476
0.0618419647217
0.0611379146576
0.0621361732483
0.0614869594574
0.0620729923248
0.0616869926453
0.061558008194
0.065817117691
0.0610589981079
0.0644209384918
0.0616970062256
0.062567949295
0.0619208812714
0.0626149177551
0.0621299743652
0.0615060329437
0.064120054245
0.0622730255127
0.0639889240265
0.0618629455566
0.064101934433
0.0615670681
0.0618841648102
0.0639381408691
0.0619549751282
0.0613131523132
0.0623650550842
0.0656189918518
0.0616869926453
0.0624549388885
0.06285405159
0.0626721382141
0.0628509521484
0.0669150352478
0.0629680156708
0.0610930919647
0.0621678829193
0.0614321231842
0.0618591308594
0.0615909099579
0.0652229785919
0.0613250732422
0.0606939792633
0.0616569519043
0.0614891052246
0.0615139007568
0.0616059303284
0.0618259906769
0.061311006546
0.0611789226532
0.062206029892
0.061646938324
0.0625739097595
0.0617518424988
0.0614910125732
0.0639538764954
0.0622770786285
0.0619721412659
0.0609729290009
0.061322927475
0.0615329742432
0.0614941120148
0.0648710727692
0.0612111091614
0.0651681423187
0.062185049057
0.065896987915
0.0622260570526
0.0629260540009
0.0608780384064
0.061516046524
0.0616250038147
0.0615928173065
0.0615799427032
0.0610888004303
0.061460018158
0.0617570877075
0.0608310699463
0.0607821941376
0.064661026001
0.0648431777954
0.0622670650482
0.0619928836823
0.0622019767761
0.061527967453
0.0617489814758
0.0627808570862
0.0614659786224
0.0630900859833
0.0615358352661
0.0615129470825
0.066025018692
0.0673711299896
0.0661618709564
0.0649800300598
0.0655949115753
0.064710855484
0.0647258758545
0.0658769607544
0.069109916687
0.0616388320923
0.0613560676575
0.0617430210114
0.0622220039368
0.0605449676514
0.0614590644836
0.0613210201263
0.0614681243896
0.0608789920807
0.0610501766205
0.0621790885925
0.0615808963776
0.0607640743256
0.062422990799
0.171494007111
