0.246153116226
0.248349905014
0.247467041016
0.248139858246
0.244701147079
0.242965936661
0.245430231094
0.24392414093
0.244709014893
0.246598958969
0.248226881027
0.246609926224
0.245215892792
0.253340959549
0.256770849228
0.251868009567
0.249830007553
0.245831012726
0.244378805161
0.247973918915
0.247057199478
0.248612880707
0.245190858841
0.244839906693
0.244948863983
0.246668815613
0.246920824051
0.244601964951
0.244302988052
0.247778892517
0.247046947479
0.244998931885
0.247362852097
0.248537063599
0.244313001633
0.243943214417
0.246110916138
0.245064020157
0.246016979218
0.245695829391
0.243525981903
0.247148990631
0.249287843704
0.246943950653
0.246927976608
0.246016025543
0.245830059052
0.244742870331
0.245312929153
0.250231981277
0.247171163559
0.251021146774
0.249570846558
0.244931936264
0.244070053101
0.244290113449
0.245902061462
0.245960950851
0.243610143661
0.249039888382
0.245465993881
0.247656106949
0.246737003326
0.245722055435
0.244248151779
0.246592998505
0.246255159378
0.244806051254
0.246820926666
0.244610071182
0.245234012604
0.245875120163
0.247169971466
0.243432044983
0.245319843292
0.245473146439
0.24401807785
0.246085882187
0.244483947754
0.246839046478
0.243833065033
0.243561983109
0.245301961899
0.243508815765
0.246016979218
0.245975017548
0.245589971542
0.246205806732
0.245092153549
0.244252204895
0.245185136795
0.247149944305
0.246134996414
0.244867086411
0.244454145432
0.246012926102
0.245501995087
0.251288175583
0.247615098953
0.247831106186
0.246275901794
0.24404501915
0.246248006821
0.246411085129
0.244093179703
0.243124961853
0.245406150818
0.24742102623
0.246417045593
0.246225118637
0.243739128113
0.247185945511
0.246337890625
0.24440908432
0.245562076569
0.246762990952
0.244223117828
0.247125864029
0.245820999146
0.245620965958
0.244601964951
0.250403165817
0.249495983124
0.249433040619
0.254411935806
0.249279975891
0.247142076492
0.246481895447
0.246805906296
0.247590065002
0.247472047806
0.24568104744
0.246225118637
0.246240854263
0.246519088745
0.245895147324
0.245027065277
0.245938062668
0.244235992432
0.246140003204
0.248573064804
0.248378992081
0.247387886047
0.246074914932
0.246083974838
0.245246887207
0.386008024216
