0.12366604805
0.123250007629
0.1238489151
0.12415099144
0.12236905098
0.125370979309
0.124825000763
0.126358985901
0.128552913666
0.126536130905
0.125158071518
0.125651836395
0.124297857285
0.123323917389
0.122735977173
0.125106096268
0.13204407692
0.128919839859
0.123528003693
0.122534036636
0.121791124344
0.123371124268
0.122079849243
0.121780872345
0.12274980545
0.122138977051
0.121459007263
0.122143983841
0.121138095856
0.120960950851
0.120759963989
0.121695995331
0.121877908707
0.121819972992
0.122745990753
0.122656822205
0.122120857239
0.121155977249
0.121778964996
0.121798992157
0.121845006943
0.121928930283
0.122536897659
0.121534824371
0.122505187988
0.121542930603
0.122040987015
0.121341943741
0.122179031372
0.122482061386
0.12286400795
0.122339963913
0.122917890549
0.122019052505
0.121255159378
0.122322797775
0.122892856598
0.121864080429
0.122255086899
0.122575998306
0.121486186981
0.122007846832
0.12202501297
0.122529983521
0.12203502655
0.122621059418
0.121848106384
0.121579885483
0.122179985046
0.121365785599
0.122233867645
0.122766971588
0.121986865997
0.122364997864
0.121230125427
0.123013019562
0.122786998749
0.121273040771
0.123169898987
0.123626947403
0.122426986694
0.121995925903
0.122766971588
0.122077941895
0.123296022415
0.121929883957
0.122625112534
0.1221139431
0.122210025787
0.122096061707
0.122464179993
0.122683048248
0.123444795609
0.122799873352
0.122486114502
0.123794794083
0.122300863266
0.122378826141
0.121939182281
0.121989011765
0.122689962387
0.121750116348
0.122415065765
0.12224984169
0.120700120926
0.122595787048
0.121331930161
0.123188972473
0.121328830719
0.121846199036
0.127729177475
0.125971078873
0.128444194794
0.128572940826
0.125559091568
0.128888130188
0.128688097
0.126018047333
0.128854990005
0.12905216217
0.126011133194
0.128598928452
0.127793073654
0.125344991684
0.128206014633
0.122714996338
0.122089862823
0.121413946152
0.121600151062
0.121656894684
0.122183084488
0.121656894684
0.121907949448
0.122151136398
0.121778964996
0.121845960617
0.121199846268
0.122355937958
0.122004032135
0.121381044388
0.121994018555
0.121880054474
0.122555971146
0.121756792068
0.123300075531
0.122834920883
0.121921062469
0.121739149094
0.122174024582
0.122510910034
0.122506141663
0.123158931732
0.12223482132
0.121687173843
0.123721837997
0.12249994278
0.121659040451
0.121799945831
0.12201499939
0.123082876205
0.120618104935
0.122619152069
0.122410058975
0.12205696106
0.121031999588
0.121486902237
0.120908975601
0.12216591835
0.123645067215
0.121813774109
0.122016906738
0.122488975525
0.12148308754
0.122138023376
0.121913194656
0.122854948044
0.122601985931
0.121737003326
0.122745037079
0.121741056442
0.121782064438
0.121622085571
0.121497154236
0.122786045074
0.121317148209
0.121952056885
0.122585058212
0.123931884766
0.125647068024
0.122466802597
0.124377965927
0.123642921448
0.122708082199
0.123399019241
0.12366604805
0.123073101044
0.123981952667
0.121443033218
0.12335896492
0.125990152359
0.122191905975
0.122773170471
0.121501922607
0.121720075607
0.121546030045
0.12274312973
0.122275829315
0.121171951294
0.122230052948
0.122725009918
0.123078107834
0.123454093933
0.123526096344
0.122200012207
0.121817111969
0.12350320816
0.122269153595
0.122959136963
0.122732877731
0.122992038727
0.122797966003
0.121972084045
0.123362064362
0.121906042099
0.122117042542
0.123512029648
0.123468160629
0.121603965759
0.122544050217
0.123440027237
0.122761011124
0.122709035873
0.122114896774
0.121384143829
0.121728181839
0.122354030609
0.124535799026
0.12179684639
0.123747825623
0.122704029083
0.122059106827
0.124059915543
0.123112916946
0.122079849243
0.123296976089
0.122227907181
0.122937917709
0.121831893921
0.123445034027
0.122773885727
0.122334003448
0.122332811356
0.122712135315
0.121630191803
0.12223482132
0.123729944229
0.123782873154
0.122557878494
0.125587940216
0.122470855713
0.121315956116
0.122172117233
0.121346950531
0.122287988663
0.123821020126
0.122731924057
0.123099803925
0.122302055359
0.122798919678
0.123024940491
0.121886968613
0.122987985611
0.124238014221
0.121631145477
0.122267961502
0.122641801834
0.122673034668
0.120645046234
0.122195005417
0.121930837631
0.122272014618
0.124357938766
0.123558044434
0.123022794724
0.12277507782
0.128010988235
0.1310069561
0.127899885178
0.126497030258
0.125769853592
0.128455877304
0.126373052597
0.125417947769
0.125441789627
0.124408006668
0.121612071991
0.122347831726
0.123492956161
0.1241979599
0.123935937881
0.125539064407
0.125188112259
0.125355958939
0.12410402298
0.123149871826
0.126295089722
0.124851942062
0.125080108643
0.229785203934
